40
1 46 27 3 41 35 25 37 5 28 32 16 12 18 29 2 11 31 13 44 1 48 38 4 8 45 30 10 34 47 49
2 4 31 46 32 13 43 48 35 28 25 2 36 15 47 7
3 1 50 10 24 36 47 38 21 6 20 37 9 42 32 46 30 43 27 39 35 3 5 45 22 7 48 2 25 44 17 33 8 14 34 23 28 19 18 16 26 40 4 31 29 13
4 14 10 47 37 5 31 27 6 44 1 32 33 8 24 12 42 41 15 22 2 45 40 13 43 39 29 19 11 50 38 26 3 46 34 30 35 49
5 28 2 41 30 49 9 25 3 31 44 38 16 21 14 24 5 10 19 29 15 34 46 48 42 33 1 45 39 26 50 27 40 23 20 47 36 43 18
6 31 36 43 46 11 35 28 14 42 16 26 37 30 41 10 21 45 6 15 7 19 50 4 8 38 49 33 40 32 44 13 20 12 47 2 22 17 5 23 39 34
7 47 19 32 20 50 23 48 44 4 22 42 15 12 41 46 13 36
8 5 43 46 47 27 42 34 18 50 37 40 25 38 1 20 39 41 28 19
9 2 5 39 24 34 20 45 13 40
10 34 9 47 36 26 42 15 46 7 37 20 25 40 8 39 14 13 3 50 27 32 11 33 49 43 1
11 12 20 43 4 17 8 7 32 31 1 23 46 14 40 9 33
12 27 24 6 23 44 8 38 46 13 48 16 2 14 36 35 15
13 44 21 48 20 16 4 43 17 41 1 35 23 32 11 5 37 13 31 10 49
14 12 30 35 7
15 46 17 41 48 37 29 20 3 47 4 1 21 33 32 49 5 43 25 30 12 38 40 11 10 27 16 13 28 2
16 21 13 38 34 42 26 39 44 29 3 1 30 41 7 4 28 14 23 46 43 48 18 24 50 25 47 31 9 8 11 5 33 17 36 22 16 35 12 15 32 6 2 20 40 27
17 20 23 35 9 3 5 43 38 41 19 47 25 50 32 26 46 34 2 28 17 22 36 21 42 10 49 8 29 14
18 3 24 8 10 17 47 9 19 2 14 23 32 27 43 13 34 4 50 37 38 5 44 18 22 7 49 36 45 46 25 28 16
19 7 37 12 8 43 14 3 20 2 17 50 9 29 21 18 13 6 34 23 15 27 26
20 3 9 1 37 10 28 18 24 39 7 14 38 8 46 20 30 33 6 12 31 45 35 22 34 16 5 47 4 25 49 19 44 42 43 29 50 26
21 11 20 18 2 34 35 38 36 22 21 17 42 19
22 9 44 48 37 30 4 7 17 3 27 31 26 15 36
23 27 48 29 1 2 8 35 24 50 15 20 34 33 36 13 26 30 9 32 16 44 7 21 47 6 19 38 41 18 28 11 3 23 4 17 25 14
24 26 3 32 35 16 5 39 14 30 11 38 41 47 46 8 42 50 29 22 49 2 21 4 44 7
25 44 16 35 12 31 10 23 3 19 14 6 38 46 2 48 21 13 4 15 25 30 42 20 49
26 41 33
27 26 31 44 11 40 38 49 32 24 25 39 30 33 7 6 37 5 22 12 46 18 41 8
28 10 38 47 15 1 12 42 33 19 22 21 13 48 25 11 23 39 43 24 49 7
29 23 41 35 31 7 16 37 40 1 19 15 3 38 20 13 27 48 36 10 4 17 44 42 14 47 33 5 30 18 45 22 8 25 34 2 46 12 32 50 11 28 9 21 43 26 6 49
30 35 36 5 25 17 30 16 24 27 26 19 48 41 3 31 39 10
31 49 29 46 31 28 1 3 40 2 6 37 32
32 47 21 48 17 41 27 30 42 49 32 38 1 14 20 26 36 50 24 7 22 19 2 44 12 35 40 29 18 4 23 46 11 31 43 33 45 9 6 25 8 34 15
33 16 4 27 5 17 44 7 45 41 2 43 49 42 18 47 48 28 39 12 14 10 1 25
34 11 8 26 45 25 10 1 20 46 12 40 48 37 34 29 4 39 5 21 15 27 50 41
35 19 41 26 30 43 47 4 23 33 18 2 24 5 36 25 6 50 42 34 15 45 28 17 27
36 12 7 24 28 2 33 18 31 16 21 17 15 14
37 40 34 22 24 21 1 30 43 31 10
38 41 16 45 23 7 11 17 12 28 44 39 29 5 33 42 3 34 47 30 49 32 22 36 20 46 26 2 43 15 6 25 35 50 48 8 14 27 24 40 19 13 38
39 24 25 32 45 14 48 21 17 19 7 39 43 3 27 35 9 31
40 10 48 25 30 47 7 11 39 5 16 9 40 17 20 1 27 32 14 44 45 12 43 2 21 41 31 6 29 42 46 38 23 24 13 8 15 37 33 50 22 35 49 26 36
50
1 7 6 4 5 10 4 4 6 9 1 7 4 7 3 6 4 2 7 10 5 4 2 4 7 9 10 9 4 5 7 7 9 2 4 6 2 9 6 2 2
2 4 7 9 5 2 7 6 4 8 10 7 7 5 9 7 2 8 1 10 10 8 2 9 8 4 8 1 9 2 10 3 1 6 8 7 7 4 5 5 1
3 2 4 8 5 4 6 8 7 2 6 6 1 1 4 5 1 10 10 8 9 9 2 2 1 1 5 2 2 4 8 3 1 6 10 6 3 8 8 6 8
4 6 8 5 5 7 10 10 4 8 8 10 3 8 6 1 5 8 8 6 3 4 6 9 1 3 10 6 2 5 8 2 8 5 2 5 9 3 3 7 3
5 7 4 9 9 4 7 10 2 6 1 5 9 5 10 1 4 9 5 8 10 6 6 2 9 4 6 1 3 3 8 1 10 5 8 3 7 7 6 2 2
6 4 5 10 2 7 4 1 9 8 2 1 5 8 5 7 1 8 7 1 7 5 4 8 1 3 2 4 7 2 2 3 9 3 7 7 2 7 10 1 5
7 1 10 6 1 7 7 9 4 7 4 7 8 6 2 2 6 5 6 1 1 9 1 1 10 8 4 3 10 5 1 8 10 6 9 7 9 5 1 4 7
8 8 2 2 8 8 9 5 9 10 6 5 10 3 4 2 4 6 1 7 9 7 2 3 9 5 2 10 7 6 3 3 2 8 8 2 1 3 8 9 3
9 4 2 7 4 8 7 1 4 8 9 10 6 5 6 3 7 3 5 4 4 3 7 2 8 5 9 9 4 6 6 5 9 7 3 1 4 5 9 7 1
10 3 4 10 8 6 1 9 5 9 8 8 7 6 9 7 6 7 1 10 3 1 2 5 9 4 6 4 4 10 7 1 7 10 5 3 7 3 4 8 10
11 5 2 8 2 8 7 7 4 8 3 7 8 4 7 5 2 5 10 9 7 5 3 7 8 9 10 4 4 6 2 9 10 6 2 8 5 2 1 4 2
12 8 7 10 9 8 9 10 3 4 3 9 7 7 4 7 3 1 8 7 5 8 7 9 4 1 7 8 4 2 10 8 10 1 1 3 2 2 4 10 7
13 8 2 5 1 9 3 1 5 7 5 9 5 8 4 10 4 8 7 2 3 2 6 1 8 2 10 3 2 6 9 3 3 2 9 10 4 7 4 4 8
14 4 8 3 1 5 1 4 4 10 6 6 4 6 8 3 8 8 2 9 7 4 7 2 2 10 10 3 1 2 3 1 6 1 3 3 1 7 8 7 1
15 8 1 7 6 5 3 3 8 1 1 7 6 6 4 5 6 9 10 10 9 6 5 9 6 6 6 1 8 7 5 10 3 2 3 6 1 3 1 1 5
16 1 9 4 5 7 8 6 9 8 2 2 7 5 7 7 7 4 2 3 2 8 10 2 2 4 6 2 8 9 2 4 4 9 4 5 3 9 5 5 10
17 9 1 6 9 1 1 4 4 10 5 7 7 3 8 3 9 6 5 2 2 2 9 6 3 7 3 6 8 5 7 5 3 8 2 9 6 3 1 4 9
18 1 10 2 10 2 3 3 10 6 5 3 1 8 4 9 8 4 6 1 5 10 8 3 3 9 9 7 4 8 6 10 6 4 3 1 10 7 3 3 10
19 4 8 2 3 8 5 5 8 1 1 7 1 3 10 5 3 3 3 4 9 8 3 9 2 2 2 8 1 1 8 6 7 4 7 9 3 4 8 9 7
20 7 9 5 7 10 9 9 4 7 7 8 7 8 8 5 3 1 1 5 9 5 10 9 3 9 10 5 7 1 10 3 8 3 9 3 4 8 10 4 7
21 2 4 1 7 4 3 6 7 3 10 8 2 4 3 10 2 4 10 3 7 8 10 5 10 7 8 2 8 10 1 6 4 2 7 1 5 8 5 9 5
22 10 1 2 8 1 6 9 8 4 6 5 8 3 7 8 5 1 2 5 7 7 1 1 2 8 2 2 8 1 4 7 9 1 9 1 6 5 6 9 3
23 3 2 2 10 7 9 4 8 5 4 1 4 9 2 7 4 4 10 7 4 2 2 8 1 5 5 2 3 9 8 7 9 1 2 9 9 1 9 6 7
24 4 8 10 1 8 2 2 5 3 3 5 2 10 3 2 6 5 2 3 1 5 8 5 9 4 10 9 1 10 9 3 2 2 1 1 1 7 2 7 10
25 7 10 3 2 10 7 5 5 6 9 2 2 7 9 6 3 8 4 4 4 5 7 8 4 6 9 5 7 4 10 6 2 1 5 10 8 3 1 4 7
26 6 9 6 3 8 9 2 4 5 2 10 2 10 3 3 6 10 10 3 4 9 9 9 3 5 1 5 3 7 10 10 6 6 5 10 1 8 5 2 10
27 2 3 9 1 3 8 8 6 9 3 5 6 9 4 3 2 2 8 7 2 4 6 4 2 5 9 4 2 6 1 7 6 4 6 8 3 10 10 5 10
28 10 5 5 8 2 7 4 9 1 5 7 9 3 2 10 8 2 9 3 10 4 1 10 4 8 3 5 5 9 10 7 10 10 8 10 8 3 1 10 9
29 10 8 3 9 10 2 3 1 7 7 6 8 1 8 8 3 3 5 2 3 7 8 3 7 1 4 10 1 4 10 7 3 5 5 5 10 4 10 5 9
30 3 8 10 8 9 4 4 8 8 6 10 1 6 10 1 5 10 4 10 3 2 4 5 3 2 6 2 8 8 10 1 4 6 2 8 9 8 10 9 3
31 3 8 1 4 10 8 10 7 4 9 9 7 8 2 7 1 4 8 2 2 7 9 7 7 5 2 5 8 5 4 4 10 1 8 3 1 5 3 9 8
32 1 5 2 5 3 5 8 4 4 1 7 8 4 9 9 1 6 5 7 5 10 2 10 2 2 1 1 5 5 8 9 6 4 10 4 7 9 1 7 1
33 2 8 2 1 1 8 9 2 7 1 5 8 5 3 5 10 3 6 9 5 7 8 1 7 10 9 4 10 6 8 2 7 7 8 2 2 3 1 6 8
34 7 7 5 8 1 8 2 9 1 1 8 2 2 2 10 8 8 2 3 4 1 5 8 3 7 5 2 5 3 5 1 4 6 6 4 1 2 10 2 1
35 10 7 9 6 10 2 1 3 8 9 7 9 7 7 9 5 3 2 6 4 9 1 7 1 2 1 2 2 7 6 3 6 2 2 7 5 7 6 6 2
36 1 5 3 3 2 8 1 9 4 10 4 1 2 10 2 2 4 3 2 1 10 6 2 6 2 4 10 7 2 9 6 7 4 9 5 1 1 2 6 1
37 7 1 7 5 3 5 8 1 5 6 10 4 3 3 9 5 10 2 10 7 1 5 7 5 9 10 2 3 3 10 3 9 1 1 8 8 6 2 2 5
38 8 5 1 5 3 10 5 6 3 6 2 3 5 8 10 10 8 2 8 4 9 5 1 2 7 3 10 5 4 6 9 2 9 10 9 1 2 10 10 2
39 7 1 8 4 2 1 7 5 4 7 5 6 9 1 1 4 10 10 6 7 3 5 9 1 6 10 6 3 7 1 3 3 8 2 2 5 2 9 7 5
40 4 3 10 5 9 2 7 1 1 2 3 3 1 5 3 4 3 2 7 10 6 2 10 8 6 1 9 8 5 3 9 9 6 8 1 6 5 3 10 2
41 7 5 3 9 5 6 4 6 6 7 2 5 8 4 5 6 4 4 1 5 3 9 5 3 8 4 7 3 2 10 2 8 10 4 7 4 10 7 7 4
42 8 5 1 5 8 6 5 6 1 2 2 5 2 10 3 3 10 6 4 5 4 1 6 1 8 8 5 2 5 8 2 5 2 10 5 9 4 6 4 1
43 5 10 5 5 9 7 2 5 3 10 10 10 5 8 1 9 3 9 10 8 1 6 6 10 10 10 8 7 4 8 8 8 3 1 9 4 6 6 5 8
44 9 4 3 7 5 8 2 7 10 7 5 3 5 5 5 2 2 6 3 8 10 1 10 3 3 10 10 7 8 1 10 7 3 5 4 1 8 2 3 5
45 7 2 3 6 7 7 9 4 10 5 2 1 3 3 8 9 1 5 6 2 9 4 1 5 7 9 7 6 3 5 6 7 2 4 10 9 6 1 9 3
46 10 6 2 9 9 3 1 7 1 7 6 7 9 4 4 8 9 1 8 1 1 4 2 7 7 9 3 2 8 5 9 1 9 10 3 8 4 2 6 9
47 6 3 2 9 5 3 4 9 6 2 4 7 6 7 2 9 8 7 1 6 5 3 10 10 3 10 9 5 8 4 9 8 7 7 2 9 8 9 1 10
48 9 2 1 8 10 4 9 3 3 9 9 7 3 3 8 3 8 9 9 1 8 4 3 10 8 5 9 10 7 9 4 6 7 2 6 3 5 10 10 3
49 2 4 7 3 3 8 5 8 7 7 7 3 3 7 3 10 3 7 7 10 9 10 4 10 5 4 5 5 3 10 4 5 9 6 9 9 4 2 3 1
50 1 1 1 8 3 2 7 8 3 7 10 4 7 4 3 4 7 9 7 2 3 4 9 7 3 6 1 4 2 3 8 4 4 9 6 9 2 8 9 8
1 3 6 7 9 16 17 22 23 25 26 27 33 36
2 3 5 6 7 8 17 18 19 20 23 27 29 35
3 4 15 20 28 32 34 35 39
4 5 6 7 10 17 18 20 23 26 33 34 37 40
5 1 2 3 10 17 21 23 24 27 28 29
6 7 8 16 20 24 26 30 32 35 36 37
7 4 6 10 11 12 13 15 19 22 30 35 36 39
8 1 4 11 23 25 39
9 2 4 13 14 16 22 25 27 28 33 34 37 39
10 2 6 8 9 11 12 17 18 19 21 23 24 33 36 37 38 39
11 14 15 17 21 24 25 35
12 1 5 7 8 9 14 15 16 18 19 20 23 29 33 34 38
13 1 4 5 14 15 16 18 20 22 26 28 31 37 39
14 1 5 7 12 17 18 21 22 23 25 26 27 30 33
15 1 2 6 8 9 12 14 16 18 23 31 33 39 40
16 2 3 5 6 8 11 12 14 19 26 27 33 37 39
17 4 6 11 18 24 27 32 33 40
18 3 4 7 9 14 15 16 20 23 28 33 36 39
19 2 3 8 9 10 12 15 16 26 29 33 34 36 39
20 7 9 12 13 15 16 17 18 21 23 31 32 34 40
21 3 4 8 11 12 15 17 19 23 26 29 34 36 39
22 1 3 8 14 15 16 21 24 25 30 31 38 39
23 2 3 4 13 22 24 28 34 35 39 40
24 9 10 13 15 38
25 5 6 17 21 27 28 37 39 40
26 1 5 6 9 10 17 23 27 28 39 40
27 5 6 9 12 14 16 17 25 31 37 38
28 3 4 8 9 11 12 16 21 22 29 35 40
29 3 6 9 10 18 21 23 26 28 31 38 40
30 7 17 18 19 20 21 22 26 27 28
31 6 8 12 14 18 19 20 22 25 28 32 33 39
32 6 7 10 13 14 15 16 18 20 21 26 31 35 38
33 10 12 13 22 25 28 34 36 39
34 4 5 7 11 18 24 29 30 31 33
35 1 2 3 7 15 19 21 25 30 31 34 39
36 1 3 4 10 11 13 29 32 33
37 3 4 5 9 12 17 19 23 29 36 40
38 9 10 11 12 14 15 19 20 24 26 29 33 36
39 3 4 5 6 11 12 15 17 19 20 24 26 27 29 30 32 37
40 4 5 7 13 20 27 39
