20
1 3 34 16 37 35 11 10 26 40 4 1 23 8 5 9 22 27 38 25 31 15 14 12 18 6 29
2 2 26 20 38 27 18 13 34 15 21 25 1 14 19 6 7 16 35 23 32 33 31 9 22 40 30 10 3 17 8 37 5 39 12 4 24 29 36 11
3 22 14 33 17 20 32 21 24 30 29 19 40 7 11 23 38 16 28 36 39 13 10 37 25 31 3 26 4 34 35 2 8 5 1 15
4 19 22 28 34 4 36 8 29 18 33 2 39 15 21 32 9 13 1 30 20 27 10 37 16 6 24 31 3 35 26 5 11
5 24 21 17 37 26 36 12 35 25 11 14 5 31 15 2 4 3 22 27 19 9 16
6 40 23 15 4 7 13 27 16 6 38 9 37 26 34 32 3 22 28 2 36 30 14 39 10 33 1 18 11 17 29 8 25 20 19 35
7 33 34 30 37 11 8 3 28 31 7 20 2 5 21 25 24 38 1 35 22 40 14 32 4 18
8 7 5 16 2 35 39 20 15 23 36 37 1 30 14 10 40 6 38 28 29 24 34 9 31 11 4 13 22 17 25 18 26 21 19 32 3 27 12 33
9 8 5 21 29 35 31
10 39 25 40 33 13 34 26 30 27 31 37 20 17 4 11 21 10 8 1 23 7 16 18 3 28 38 29 2 36 12 32 19 24
11 27 13 37 26 39 40 31 28 4 18 32 14 5 6 15 36 33 34 25 8 17 2 29 7 12 35 10 20 1
12 2 6 24 8 34 4 11 39 23 32 7 12 25 10 38 1 14 9 36 17 28 26 5 18 20 31 27 3 13 19 21 33 30 29 16 35 22 40 15
13 6 24 34 10 13 15
14 25 3 19 37 20 32 1 38 14 11 2 16 6
15 26 23 16 31 22 40 27 8
16 32 4 23 28 20 13 6 27 12 33 38 3 16 24 30 37 11 34 31 7 19 22 10 15 25 18 36 14 17 29 5
17 7 20 16 4 28 25
18 40 35 18 30 1 34 2 22 20 25 9 7 27 28 37 5 31 38 32
19 4 1 33 28 34 6 38 9 24 35 12 19 14 10 25 11 20 8
20 17 35 11 7 18 9 37 14 40 33 38 27 1 8 32 4 34 29 16 2 26 12 15 10 21 20 39 23 6 19 28 3 13 25 31
40
1 4 5 5 6 4 6 8 3 2 1 9 8 4 5 8 6 2 10 1 9
2 8 3 9 8 1 5 6 5 5 1 3 7 3 5 5 10 8 6 4 5
3 4 3 10 9 5 6 2 1 3 5 6 4 9 4 9 3 9 3 9 1
4 6 8 6 8 9 2 8 10 10 5 3 10 1 9 5 10 6 4 10 2
5 6 3 7 7 5 8 6 10 6 8 4 1 6 6 9 8 10 8 6 8
6 6 3 4 7 9 5 8 6 4 5 8 2 5 10 3 7 8 7 8 7
7 8 7 7 6 10 9 8 5 2 6 8 8 8 9 8 5 10 4 7 5
8 6 9 5 1 3 4 3 2 10 10 2 10 8 4 1 10 9 5 4 8
9 8 7 6 1 8 4 9 3 6 10 3 10 9 5 8 3 4 8 1 7
10 4 3 3 4 8 1 4 6 1 6 4 6 10 6 8 8 7 9 8 4
11 4 4 9 2 6 5 3 4 10 3 2 10 7 4 8 2 5 2 5 6
12 10 4 10 5 8 5 4 8 2 6 8 7 8 7 7 5 7 5 3 2
13 3 3 1 7 1 10 9 8 3 3 7 2 10 5 1 10 9 7 3 4
14 10 2 5 1 7 5 5 6 3 9 1 5 7 3 9 1 5 9 6 8
15 4 6 4 1 2 5 5 9 2 8 2 5 5 1 3 7 5 7 7 5
16 1 7 6 5 3 4 2 6 1 1 10 5 6 6 3 6 4 2 10 5
17 7 4 8 10 2 2 6 10 1 8 3 8 1 4 8 5 10 7 5 10
18 6 10 3 7 8 2 1 4 10 6 4 5 3 8 9 6 6 10 4 4
19 8 4 2 5 2 3 4 5 4 6 5 1 5 1 6 4 4 5 8 7
20 1 9 6 10 1 9 8 10 2 8 9 7 2 1 8 3 5 8 8 4
21 9 3 5 8 9 4 10 5 4 10 5 10 9 8 5 7 1 2 3 9
22 9 10 8 4 5 4 4 2 2 9 1 1 7 7 4 10 10 10 9 7
23 6 5 8 3 6 1 5 10 8 3 3 10 1 6 9 4 9 10 3 4
24 9 9 2 4 10 5 4 5 4 10 9 10 1 2 10 8 3 7 9 1
25 10 6 1 1 3 6 8 7 2 7 4 5 9 6 5 2 7 2 6 1
26 4 6 4 6 6 1 5 2 7 1 7 6 10 8 10 10 6 9 2 3
27 1 8 8 5 9 6 1 1 7 7 8 4 1 9 10 1 2 10 7 6
28 6 10 2 6 10 3 10 1 2 5 9 7 5 4 4 7 5 2 9 1
29 8 3 5 5 5 4 8 10 9 9 10 2 1 4 2 5 4 9 3 4
30 10 4 3 7 8 5 3 5 9 4 5 3 5 4 1 1 7 5 3 1
31 6 3 5 1 6 1 2 7 10 9 10 10 10 1 5 10 10 2 10 1
32 7 4 9 5 9 1 10 6 5 7 10 10 5 4 5 9 5 7 1 1
33 7 6 6 6 4 4 8 2 8 8 8 6 2 4 4 9 7 3 9 8
34 10 2 9 9 8 4 8 1 4 10 2 6 8 6 7 9 1 8 6 3
35 6 1 3 6 10 2 9 4 3 2 4 4 1 7 5 8 6 9 6 10
36 1 9 5 1 2 4 2 1 3 3 7 9 2 1 7 1 3 6 7 1
37 1 7 3 6 1 8 9 10 9 4 6 7 5 3 9 1 8 7 1 1
38 6 7 7 10 5 5 5 5 4 6 1 9 4 1 7 8 7 1 3 5
39 8 8 9 2 6 7 7 6 10 4 7 10 1 1 2 10 7 3 1 3
40 6 10 8 1 7 6 4 9 8 7 4 7 8 1 6 9 10 1 1 8
1 9 12 13 16 19
2 4 10 12 16 20
3 1 5 15 17
4 9 11 18
5 3 10 16
6 3 11 12 13 14 15
7 6 10 13 16 20
8 9 11 12 20
9 4 7 10 11 13 14 15 16
10 7 19
11 14 18 19
12 2 15 20
13 3 4 5 6 8 9 14 18
14 3 5 17
15 2 7 9 17 19
16 13 15 17 20
17 2 4 8 10 13 16 18
18 3 6 8 9 16 20
19 7 9 11 14
20 1 3 6 10 18
