30
1 7 32 23 48 24 33 21 14 17 8 20 11 30 35
2 11 13 34 49 38 46
3 42 35 27 5 44 3 19 46 4 2 13 23 12 40 50 9 49 20 39 10 21 7 26 6 15 1 25 31 32 28 18 14 43 47 16 29 17
4 15 9 29 18 17 2 38 26 19 45 8 11 14 13 12 33 48 4 44 16 28 36 50 32 35
5 45 22 15 21 41 18 12 10 16 28 49 33 20 32 8 43
6 42 3 4 12 2 15 9 26 38 40 29 46 36 6 24 45 10 23 28 16 17 8 19 41 50 32 39 35 30 27 47 34 1 48 31 14 43 44 11 18 49 13 25 33 21 37 22 7
7 9 3
8 7 6 50 38 34 4 13 23 49 2 16 22 1 10 5 28 26
9 43 38 37 21 45 34 9 8 18 40 14 39 10 41 3 49 44 33 13 46 42 11
10 50 11 36 42 22 24 7 49 3 26 10 28 25 40 21 30 32 27 34 18 48 39
11 42 10 6 28 12 7 41 37 25 2 3 5 29 31 34 4 48 21 19 38 14 13 11 23 15 49 27 9 36 47 18 1 33 50 22 26 20 44 43 46 24 16 30 32 45 8 40
12 29 31 23 3 38 42 40 2 43 34 49 9 32 33 22 25
13 5 42 44 31 17 14 20 39 21 41 50 6 27 2 8 28 48 36 40 33 3 29 7 19 22 4 16 15 47 30 46 25 11 45
14 48 9 50 23 4 21 26 33 5
15 48 22 11 26 42 14 4 3 24 32 27 35 5 16 34 33 9 43 40 47 23 10 50 29 17 12 37 31 25 7 41 36 21 44 28 38 45 18
16 2 39 9 35 1 33 10 49 37 42 29 47 7 8 22 26 11 13 17 14 48 31 46 38
17 34 9 42 18 13 31 49 14 7 37 16 6 33
18 13 37 38 3 34 40 44 9 1 10 22 29 15 16 26 27 32 35 6 8 18 39 5 23 20 49 28 12 48 41 46 45 14 24 31 33 19 47 11 42 4 30 25 17 7 43 50 21 2 36
19 4 42 41 7 50 14 34 44 6 19 35 32 45 47 33 16 40 3 36 23 17 30 12 18 48 1 2 22 26 27 21 49 24 46
20 17 33 32 12 25 20 6 11 14 37 31 50 45 18 1 2 22 5 44 9 35 8 16 47 38 15 29 10
21 16 42 49 48 3
22 9 42 3 38 36 23 19 39 14 21 1 2 43 5 12 32 41 25 10
23 30 26 35 46 25 32 39 29 15 47 3 6 7 42 41 16 40 38 50 8 4 44 21 24 11 1 10 20 22 49 9 23 13 31 45 18 5 43 19 36 34
24 50 45 16 30 37 13 19 35 25 49 38 18 41 47 22 23 42 5 28 6 10 21 9 32 3 46 48 15 8 43 14 1 36
25 44
26 42 36 33
27 23 45 15 26 3 17 40 27 31 8 16 24 46 34 4 36 21 41 2 37 10 14 1 38 42 5 20 43 6 12 25 13 35 30 50 7 49 18 22 28 48 47 19 29 44 32
28 22 8 30 42 26 27 49 6 23 17 4 21 50 1 20 15 36 40 2 31 37 7 3 45 41 24 43 14 25 9 18 16 38 39 5
29 24 50 3 27 28 6 15 18 14 8 36 25 46 49 11 16 38 10 17 9 39 42 37 35 44 5 1 40 45
30 18 34 40 13 23 17 25 36 28 2 19 24
50
1 5 7 8 5 1 3 1 4 8 7 7 10 1 9 5 9 6 4 5 5 7 10 8 3 8 7 1 3 10 3
2 6 7 5 7 3 5 8 6 8 3 5 7 9 9 3 8 9 4 9 3 10 3 10 7 2 2 8 2 7 1
3 10 6 6 1 9 7 2 3 5 3 4 5 7 8 9 5 3 5 1 3 9 10 4 1 7 5 6 1 7 5
4 8 6 6 5 8 2 1 5 9 3 9 5 6 8 5 5 8 2 5 3 4 10 4 5 6 9 10 3 9 10
5 4 10 5 7 1 1 3 4 7 2 6 9 8 3 1 5 7 4 6 7 7 10 7 2 2 4 3 2 3 6
6 5 10 8 2 9 10 1 2 8 4 1 4 4 3 4 5 5 10 7 2 7 1 9 10 3 8 7 5 1 6
7 4 9 9 8 6 5 10 7 10 7 10 3 2 7 3 8 5 6 4 1 10 9 4 4 4 7 1 9 4 9
8 7 4 9 1 5 8 2 8 3 1 7 3 6 9 9 6 3 2 6 4 6 1 1 7 2 7 5 8 9 3
9 7 10 9 2 9 4 5 5 7 1 6 4 1 8 3 3 3 1 5 1 4 7 3 6 7 5 1 3 2 2
10 10 3 5 1 7 10 1 10 2 6 6 4 5 8 8 3 10 1 2 9 9 6 2 1 5 7 6 8 7 4
11 1 9 8 2 6 1 6 2 2 6 6 7 10 10 6 6 4 6 5 9 5 7 3 10 4 5 7 1 10 10
12 2 2 4 1 8 2 7 8 5 5 4 9 6 1 7 1 6 7 4 5 5 1 10 8 6 8 3 9 9 3
13 6 2 1 9 7 1 5 3 10 10 4 6 4 7 6 3 1 1 9 6 8 6 5 2 6 9 8 8 8 4
14 4 4 2 1 5 2 5 1 10 8 5 1 9 9 1 6 4 9 2 8 1 5 3 4 9 4 2 2 7 3
15 8 2 2 6 9 6 9 4 1 8 9 8 1 5 5 5 5 2 7 8 1 2 7 8 3 8 4 4 1 1
16 6 1 8 5 5 6 10 3 8 3 2 3 7 2 4 6 3 10 2 3 6 3 5 10 7 8 1 8 6 1
17 10 2 6 9 4 5 3 6 7 5 5 8 5 3 4 9 8 9 9 2 7 6 8 1 7 5 2 8 8 10
18 3 10 6 9 2 7 5 3 3 1 3 7 4 3 4 8 2 1 2 7 2 10 4 9 6 6 6 7 9 7
19 3 5 1 4 4 5 2 8 7 2 10 8 7 1 1 5 2 10 10 10 5 1 2 3 1 1 5 4 1 2
20 6 7 1 5 7 8 1 10 5 6 7 7 5 1 1 10 7 10 2 8 6 10 4 7 5 5 1 2 3 10
21 4 1 4 4 8 2 1 5 3 8 2 1 2 3 3 1 5 2 9 4 1 10 9 2 5 6 5 9 4 9
22 2 10 8 7 9 4 7 9 5 9 1 2 6 5 5 1 8 5 9 2 1 8 4 4 8 2 10 1 8 2
23 10 5 5 2 1 3 10 7 10 9 4 9 3 7 2 2 8 4 4 9 9 4 6 7 4 10 3 6 8 7
24 2 6 4 6 4 1 3 5 1 9 5 2 9 7 7 4 4 8 5 7 10 4 3 7 9 1 8 4 5 10
25 4 8 10 8 4 7 9 10 3 3 5 5 6 6 10 2 4 6 8 7 8 10 2 6 3 1 2 2 3 9
26 3 1 10 2 9 6 5 9 7 1 10 3 10 10 3 4 6 2 10 9 6 1 5 4 6 2 2 3 1 3
27 3 9 4 9 2 1 10 4 3 9 6 1 7 10 3 2 5 3 8 6 5 3 6 3 2 6 6 4 3 1
28 1 4 7 10 6 2 10 5 9 3 7 2 1 9 3 3 5 2 9 10 6 1 1 1 7 4 6 7 5 6
29 9 9 8 6 2 2 4 2 7 4 8 8 3 9 9 6 5 5 9 8 2 10 6 5 8 3 9 5 6 4
30 2 9 9 2 9 9 9 5 6 7 1 7 10 3 1 9 8 2 5 2 6 10 6 7 9 8 4 5 9 3
31 10 8 7 2 1 5 9 6 1 10 4 6 1 9 1 3 4 2 9 3 8 10 4 1 4 9 7 8 7 1
32 5 7 9 10 3 6 6 3 3 5 7 10 5 9 2 6 3 3 9 10 6 3 6 4 7 4 8 7 3 10
33 5 6 4 9 10 3 5 10 1 5 2 6 1 8 7 10 9 5 3 3 10 10 6 2 3 5 9 5 5 7
34 7 10 5 3 5 3 7 1 4 5 3 10 6 3 10 7 10 8 8 2 10 5 8 3 8 9 5 2 9 6
35 9 8 3 10 7 3 8 7 8 3 10 7 2 8 10 6 5 7 8 5 7 4 1 9 6 6 5 9 4 9
36 8 8 8 3 7 9 4 8 6 5 7 4 7 3 4 9 1 8 9 4 8 1 5 3 1 2 3 1 1 3
37 9 4 1 2 6 2 7 6 9 9 2 6 5 5 3 5 10 9 6 8 7 1 10 3 8 5 10 1 5 2
38 9 2 3 7 7 1 9 10 2 2 9 1 1 9 7 3 8 2 8 5 10 5 9 3 7 7 7 4 3 3
39 8 2 8 2 8 4 1 2 5 9 9 2 1 3 9 9 3 10 10 3 2 5 8 6 6 2 3 9 9 2
40 7 10 6 9 6 5 7 5 8 2 2 3 1 7 7 5 5 10 4 1 1 8 5 2 7 10 7 7 1 9
41 7 9 6 1 1 2 6 5 9 9 3 4 8 4 9 6 3 4 1 10 2 8 3 6 4 7 3 10 7 6
42 5 3 1 4 5 1 4 6 5 3 1 7 4 6 10 5 2 3 7 5 1 8 6 9 10 1 1 4 2 6
43 1 6 3 1 8 9 8 10 3 4 9 4 5 8 7 7 5 3 9 1 1 8 6 10 1 10 7 3 4 10
44 8 9 4 4 6 8 6 10 5 2 9 5 7 7 3 5 5 4 4 3 7 6 10 1 10 7 3 6 9 9
45 10 5 10 8 2 1 8 3 7 7 10 2 3 9 1 5 2 6 1 3 5 2 4 8 2 1 2 7 8 7
46 7 7 10 7 10 10 2 2 6 8 1 1 9 3 3 2 3 4 1 7 5 8 7 7 2 2 10 10 4 1
47 5 3 6 10 1 4 10 9 1 7 10 8 7 1 6 10 8 8 2 6 10 1 4 7 6 5 5 7 5 1
48 7 1 7 8 7 1 6 5 4 8 1 5 8 6 10 7 2 10 9 3 8 3 6 10 5 6 8 5 4 4
49 3 6 7 1 10 8 10 4 1 2 2 4 9 8 3 7 10 5 3 6 6 2 6 10 5 6 6 9 3 1
50 4 2 1 9 7 9 9 6 5 6 1 2 5 5 3 3 5 6 4 4 1 7 9 1 8 10 10 9 5 1
1 2 5 7 11 18 19 29
2 4 6 8 12 13 14 16 18 20 22 26 28 29 30
3 6 8 11 12 13 17 18 20 25 27 28
4 1 7 8 10 15 18 30
5 2 6 7 11 13 15 16 20 21
6 2 4 11 12 14 24 27 29 30
7 4 13 14 18 19 20 27
8 13 16 22 28 29
9 5 17 18 25 29
10 2 6 13 15 20 21 22 27 28
11 4 5 6 10 15 17 18 19 24 26
12 10 11 14 17 21 24 29 30
13 6 8 9 14 19 22 23 26
14 1 10 17 18 22 29
15 2 5 10 11 13 17 21 22 25 26 30
16 7 8 18 20 21 24 28 29
17 2 7 9 12 13 15 16 19 23 27
18 1 2 6 7 14 21 22
19 5 16 24 25 30
20 13 16 19 22 24 27 28 30
21 2 5 19 24 25
22 1 5 6 8 16 17
23 1 24 25 30
24 9 10 12 13 15 20 29
25 1 4 7 10 11 12 13 14 21 22 29
26 3 6 7 12 18 19 22 25 28 29
27 3 6 16 18 25 26
28 7 18 23 29
29 2 6 10 12 13 14 16 21 23 24 25 28
30 1 3 17 21 27
