40
1 28 31 19 8 10 4 1 9 27 37 32 15 2 7 5 24 22 34 33 12 39 38 16 26 25 40 30 20 23 21 6 36 17 18 11 29
2 32 2 16 14 4 5 1 30 22 36 12 10 39 38 19 23 26 33 8 13 11 28 29 31 9 3 18 6 35 24 17 25 15 20
3 32 4 11 19 6 9 13 8 12 2 38 24 23 33 7 29 14 39 26 3 20 37 10 28 15 1 22 34 18 30 16 36 17
4 39 28
5 9 38 32 5 29 1 36 24 26 30 8 14 3 34 40
6 24 2
7 29 36 26 30 9 2 37 34 20 28 27 15 11 18
8 20 6 5 33 31 8 22 2 21 34 7 16 3 13
9 25 39 4 15 8 10 27 33 13 35 26 17 20 40 1 7 16 21 37 22 23 36 2 31 6 12 38 3 30 18 14 28 24 29 19 32 5 34
10 36 15 20 2 16 37 38 22 39 29 28 19 23 14 13 7 32 34 30 35 8 5 3 24 12 17 11 40 31 18 21 33 26 4 27 6
11 6 21 1 35 14 12 29 30 9 24 20 22 13 7 38 31 8 25 11 27
12 34 32 7 4 25 35 39 27 20 21 19 12 6 16 18 11 33 29 30 26 23 31 15 9 3 10 2 5 36 17 24 14 8 40 22
13 26 20 28 38 36 13 11 33 25 10 9 12 18 30 32 16 15 8 2 1 24 40 22 27 3 34
14 36 28 21 12 24 6 18 7 30 1 10
15 1 12
16 12 35 40 26
17 25 1 26 36 4 7 33 27 22 13 30 23 10 14 6
18 10 13 39 23 1 33 12 14 5 36 37 17 30 16 40 38 29 31 4 7 3 25 34
19 16 9 30 39 1 22 32 27 25 19 14 5 8 24 23 4 2 26 10 38 35 11 34 17 28 29
20 17 37 27 31 4 13
21 10 33 12 23 3 21 19 13 9 38 31 16 22 5 27 14 18 6 20 11 17 30 32
22 10 14 18 30 24 19 16 33 7 15 6 5 3 21 25 26 35 23 39 28 12 36 13 27
23 18 28 34 30 35 37 8 33 21 4 10 3 1 16 13 25 17 11 39 15 12 5 6 38 20 26 40 32 7 9 14 19 23 31
24 16 5
25 11 2 32 10 16 25 5 13 28 15 8 38 18 34 20 22 7 17 24 40 30 23 35 27 6 39 1 21 36 4 12 9 14 3 37
26 39 3 16 15 12 19 11
27 5 24 17 23 37 38 29 10 28 11 40 15 34 16 36 12 7 25 9 31 32 20 39 22 27 19 14 2 1 6 33 21 13 8 35 30 18 3 4
28 38 29 14 3 17 9
29 38 16 34 36 11 18 35 5 12 4 21 24 10 31 26 33 32 37 19
30 20 36 31 7 25 27 3 11 35 15 29 33 4 18 13 17 24 30 19 1 23 5 9 10 8 21 16 34 40 39 32
31 9 35 36 16 19 15 25 20 7 26 18 12 27 11 28 17 21 6 13
32 5 26 13 18 2 36 3 20 23 40 15 7 25 27 37 38 10 11 8 21 35 30 19 16 39 24 33 12 29 6 34 31 28 4 14 9 22
33 29 14
34 8 4 28 37 24 5 15 14 9 34 2 21 36 40 32 7 33 30 31 25 23 19 29 38 11 26 13 10 6 16 12 35 27 20 22 3 1
35 37 11 29 20 32 15 27 30 7 6 35 10 8 34 31 9 25 40 24 33 36 19 13 38 17 18 23 39 1 12 26 28 3 2 22 16
36 36 8 29 34 5 27 21 25 14 26 4 23 3 32 15 30 37 18 17 20 38 10 16 19 33 7 22 31
37 20 4 9 22 26 32 21 25 2 6 3 33 34 16 31 40 37 10 11 29 7 18 13 12 19 5
38 35 11 16 3 28 32 31 25 38 10 13 2 4 7 24 18 39 26 17 36 12 30
39 18
40 7 16 28 35 37 39 14 38 29 22 25 6 40 17 33
40
1 9 1 8 8 10 5 3 7 9 3 7 5 9 9 4 1 9 3 5 10 10 1 3 10 1 2 6 9 8 6 8 1 7 9 6 1 7 4 8 8
2 8 3 7 4 2 7 6 1 6 9 2 2 5 7 5 2 4 9 5 8 5 6 7 10 1 9 10 6 6 8 1 1 7 5 8 3 8 8 10 1
3 10 8 9 4 9 9 5 4 9 9 7 1 4 8 3 10 9 2 5 2 3 9 10 2 6 8 4 1 10 2 10 2 1 6 9 3 6 9 1 1
4 9 4 7 2 5 10 10 9 6 7 3 10 4 10 2 5 1 5 1 6 8 4 6 10 5 10 6 10 9 1 9 6 8 8 3 7 8 7 3 10
5 10 9 7 7 9 10 4 8 10 2 3 2 6 2 1 5 6 8 1 1 5 7 10 10 5 3 1 8 8 10 3 1 2 7 1 10 8 2 4 3
6 5 6 9 4 1 10 1 4 9 3 1 7 1 3 1 2 6 8 5 9 3 2 4 6 1 9 3 9 3 3 10 9 2 6 6 7 4 5 7 10
7 8 6 2 4 4 3 2 9 5 3 2 10 4 8 4 5 9 3 1 2 7 9 1 10 6 8 9 6 3 8 8 8 9 2 2 5 7 1 8 10
8 5 10 9 3 3 5 10 4 9 4 2 8 8 8 8 5 1 1 6 5 7 5 4 2 4 7 7 2 2 6 1 1 5 10 5 2 7 3 10 4
9 9 5 5 6 8 5 10 6 1 3 10 4 6 10 2 7 7 5 2 8 4 7 1 3 2 8 5 4 1 8 2 10 4 4 4 7 2 6 10 6
10 8 5 2 2 4 9 9 9 8 8 6 10 5 3 3 7 8 8 4 7 1 6 9 9 5 3 3 2 2 2 6 10 6 7 5 3 8 8 4 5
11 3 2 6 10 5 6 9 9 7 10 6 3 4 3 4 7 3 7 7 9 9 6 10 2 7 8 8 7 2 5 2 5 7 6 1 2 1 5 6 1
12 8 3 9 9 8 5 2 8 10 6 2 2 8 9 10 4 2 4 6 2 1 1 1 8 5 1 8 9 1 8 2 6 9 3 5 1 10 3 3 2
13 1 2 1 9 10 1 6 3 1 2 4 4 10 3 10 6 2 3 9 10 5 10 5 9 1 8 2 5 7 4 1 6 3 5 5 2 9 4 4 7
14 3 8 1 7 10 4 5 5 5 10 1 1 9 3 4 9 1 2 4 9 8 5 10 10 3 8 9 2 10 2 2 1 5 1 3 3 5 3 10 9
15 2 4 10 5 1 4 7 10 9 6 3 7 3 6 10 3 8 2 1 5 4 3 10 4 10 1 8 8 8 5 10 4 1 1 10 1 7 9 5 9
16 1 7 2 2 8 9 3 4 2 10 4 8 6 1 1 4 3 5 3 2 1 7 5 6 6 3 9 3 9 1 8 7 1 6 7 5 9 6 1 5
17 7 9 9 3 3 6 5 4 7 5 8 7 3 4 4 5 6 7 3 7 7 2 5 1 10 3 2 2 1 10 9 8 4 2 2 10 4 5 9 7
18 7 4 10 6 9 3 8 2 4 3 6 8 5 1 1 2 6 2 2 4 7 1 9 3 3 4 1 1 3 9 8 3 5 5 7 9 6 10 2 8
19 1 4 3 6 7 9 7 7 7 3 3 10 7 5 2 4 2 7 8 8 9 5 1 2 4 2 10 4 8 6 5 2 4 4 1 3 7 4 7 8
20 10 3 6 3 5 6 8 5 2 6 10 1 1 7 8 7 2 2 5 8 4 10 9 4 4 1 10 1 4 5 5 6 4 2 3 8 5 4 6 2
21 6 7 4 4 6 10 5 3 7 7 5 1 7 8 9 4 8 7 3 8 2 1 10 7 2 5 1 7 5 10 3 6 1 6 9 8 2 1 2 8
22 10 10 2 4 3 6 6 9 1 2 2 10 10 9 10 10 6 7 8 5 2 7 7 1 8 7 8 1 1 1 9 3 10 5 9 9 10 7 4 9
23 7 3 9 3 5 4 9 5 1 2 6 6 7 2 3 5 3 8 7 8 2 2 6 5 10 1 3 2 1 6 10 9 7 6 9 10 6 9 2 2
24 1 1 3 3 3 10 10 4 7 3 6 3 5 1 7 6 6 10 8 10 2 5 9 9 4 9 4 9 9 1 9 3 7 3 4 3 3 10 5 6
25 2 9 6 10 6 6 10 3 7 3 4 7 1 4 8 6 8 7 2 1 4 10 3 1 5 5 7 1 1 3 6 8 1 1 6 7 1 4 7 2
26 8 2 8 6 3 2 5 4 2 4 1 9 9 2 6 10 6 1 6 10 2 2 6 8 2 10 10 1 9 10 10 7 1 1 5 5 6 3 9 7
27 3 5 1 7 9 1 2 10 3 3 1 1 3 2 8 9 5 7 6 3 9 2 9 7 9 1 4 1 7 10 8 6 1 2 8 2 6 7 6 10
28 4 1 5 10 1 1 4 8 3 7 5 5 10 4 2 4 7 2 1 1 2 5 4 3 1 8 3 3 2 7 3 3 3 10 2 8 5 3 7 9
29 4 6 5 9 2 8 8 7 9 6 5 7 8 8 9 5 5 3 10 8 6 8 8 9 2 4 10 7 3 9 3 7 1 6 1 2 8 5 4 8
30 8 6 6 5 7 5 2 8 7 8 9 2 9 8 8 4 3 9 5 5 2 1 10 8 2 6 9 1 3 10 3 7 4 8 7 9 8 6 6 4
31 3 5 5 4 8 4 4 10 3 2 4 2 4 3 3 6 6 3 7 2 5 7 4 3 5 7 6 8 2 9 3 7 1 3 10 5 2 3 6 4
32 6 9 4 1 6 1 10 3 5 5 3 3 10 5 6 9 7 1 5 5 5 3 3 2 8 6 3 5 6 7 1 9 2 1 3 6 1 7 4 10
33 5 10 3 7 8 9 8 6 5 4 9 2 7 1 7 8 9 6 4 7 10 8 8 8 6 10 3 1 3 5 10 7 4 8 9 3 10 8 4 7
34 8 9 1 5 2 8 3 3 2 8 8 9 6 5 5 10 5 6 2 5 3 10 3 10 2 9 7 9 6 3 9 7 9 6 1 7 3 9 5 1
35 1 8 8 6 9 4 6 2 2 7 6 7 1 9 1 10 5 9 3 4 10 10 6 3 10 5 4 10 1 3 1 2 9 4 1 8 7 6 7 8
36 5 6 2 2 5 1 5 10 9 3 8 8 7 3 4 5 7 5 10 7 7 1 5 10 8 9 8 10 5 10 3 10 10 4 10 1 7 8 7 1
37 4 1 1 2 1 4 9 5 9 4 10 9 7 10 1 3 2 10 1 3 7 1 8 2 9 10 6 1 7 2 1 10 7 5 10 2 5 3 1 1
38 6 9 10 5 3 10 9 6 2 3 1 1 8 10 4 4 6 4 6 6 4 4 6 6 2 5 4 2 5 9 4 6 1 9 3 4 3 10 3 2
39 3 1 3 8 7 9 1 1 3 10 4 2 2 1 3 3 8 2 7 2 1 7 6 8 1 1 2 6 1 10 6 4 4 9 9 9 1 3 7 6
40 1 3 5 4 7 1 5 4 1 9 6 9 6 2 3 10 1 6 5 4 9 4 2 3 7 1 1 4 10 4 4 5 5 7 1 5 4 10 7 5
1 5 7 10 12 14 16 18 19 25 26 27 30 33 36 40
2 9 13 15 16 19 21 26 30 31 32 34 37 38
3 2 6 9 10 21 22 26 27 28 40
4 7 10 14 15 31 32 35 37
5 1 10 18 19 20 22 23 24 25 29 35 38 40
6 1 12 13 17 23 28 30 31 39
7 2 11 16 18 19 21 22 28 36 37 38 40
8 5 9 22 24 26 30 32 33 36
9 7 11 13 14 15 16 18 23 27 35 36 37 39
10 1 3 5 6 8 13 16 17 22 26 27 29 30 32 33 35 38 40
11 12 13 14 15 17 19 23 27 29 31 33 36
12 2 3 5 8 18 25 27 28 30 32 35
13 2 3 4 5 9 20 27 31 33 34 38 40
14 6 7 8 10 18 19 23 25 29 30 33 37 39 40
15 1 4 6 8 13 20 22 24 29 33 37
16 5 6 10 15 17 19 21 22 24 25 26 32
17 2 4 7 8 9 13 19 20 24 30 32 33 37 40
18 5 8 9 10 12 17 21 26 27 34 37 40
19 3 7 20 28 30 32 36
20 11 16 18 25 26 34 36 37
21 1 11 14 18 27 28 30 33 36 37 38 40
22 10 12 13 15 17 21 26 27 28 30 35 36 40
23 2 9 11 12 18 19 22 28 38 40
24 5 6 7 18 19 22 27 30 31 35 37
25 1 3 5 7 18 19 20 24 27 29 30 31 34 36 40
26 6 8 11 12 15 16 20 22 24 31 32 33 37 38
27 4 5 6 8 9 11 14 18 20 28 31 32 40
28 1 3 10 11 21 25 34 35 38 39
29 3 4 5 14 15 22 23 32 35 37 38
30 3 6 11 12 13 18 20 26 31 36
31 7 8 10 13 14 15 19 28 32 33 34 39
32 2 5 8 12 13 14 20 21 22 26 30 34 36 37
33 3 5 9 18 21 22 23 24 25 29 31 32 38 40
34 2 11 18 21 28 29 31 32 33 39
35 1 3 4 6 13 18 22 27 33 34
36 3 5 7 10 11 12 13 14 20 21 25 26
37 1 3 8 16 19 22 23 25 26 28 32 36
38 8 18 20 21 32 34 40
39 2 4 5 7 10 11 17 20 21 24 30 31 32 34 36 38
40 9 15 17 20 24 29 31
